4294967278,301
4294967279,301
4294967278,300
4294967279,300
4294967278,299
4294967294,425
4294967294,417
4294967294,51
4294967294,52
4294967278,156
4294967279,299
4294967278,298
4294967278,154
4294967278,153
4294967279,298
4294967278,297
4294967278,151
4294967278,296
4294967279,297
4294967279,296
4294967278,295
4294967294,97
4294967294,82
4294967294,469
4294967294,2
4294967294,1
4294967294,1022
4294967294,1002
4294967294,91
4294967294,90
4294967294,87
4294967294,85
4294967294,84
4294967294,0
4294967294,83
4294967294,440
4294967278,294
4294967294,22
4294967294,17
4294967294,99
4294967294,9
4294967294,107
4294967294,429
4294967294,1020
4294967294,25
4294967294,92
4294967294,88
4294967294,86
4294967294,413
4294967294,29
4294967294,1181
4294967294,28
4294967294,26
4294967294,53
4294967294,393
4294967294,44
4294967278,293
4294967278,292
4294967279,295
4294967294,81
4294967278,291
4294967279,294
4294967278,290
4294967278,260
4294967278,0
4294967279,293
4294967279,260
4294967279,0
4294967294,7
4294967279,278
4294967294,6
4294967294,470
4294967294,11
4294967294,5
0,5
4294967278,132
4294967278,131
4294967278,130
4294967278,129
4294967278,128
4294967278,127
4294967278,126
4294967278,125
4294967278,124
4294967278,123
4294967278,122
4294967278,121
4294967278,120
4294967278,119
4294967278,118
4294967278,117
4294967278,116
4294967278,115
4294967278,114
4294967278,113
4294967278,112
4294967278,111
4294967278,110
4294967278,109
4294967278,108
4294967278,107
4294967278,106
4294967278,105
4294967278,104
4294967278,103
4294967278,102
4294967278,101
4294967278,100
4294967278,99
4294967278,98
4294967278,97
4294967278,96
4294967278,95
4294967278,94
4294967278,93
4294967278,92
4294967278,91
4294967278,90
4294967278,89
4294967278,87
4294967278,86
4294967278,85
4294967278,84
4294967278,83
4294967278,82
4294967278,81
4294967278,80
4294967278,79
4294967278,78
4294967278,77
4294967278,76
4294967278,75
4294967278,74
4294967278,73
4294967278,72
4294967278,71
4294967278,70
4294967278,69
4294967278,68
4294967278,67
4294967278,66
4294967278,65
4294967278,64
4294967278,63
4294967278,62
4294967278,61
4294967278,60
4294967278,59
4294967278,58
4294967278,57
4294967278,56
4294967278,55
4294967278,54
4294967278,53
4294967278,52
4294967278,51
4294967278,50
4294967278,49
4294967278,48
4294967278,47
4294967278,46
4294967278,45
4294967278,44
4294967278,43
4294967278,42
4294967278,41
4294967278,40
4294967278,39
4294967278,38
4294967278,37
4294967279,22
4294967279,289
4294967279,17
4294967279,14
4294967279,11
4294967279,10
4294967279,9
4294967279,8
4294967279,7
4294967279,6
4294967279,5
4294967279,4
4294967294,1021
4294967294,27
4294967294,14
4294967294,18
4294967294,50
4294967294,43
4294967294,12
4294967294,67
4294967294,93
4294967294,95
4294967294,1099
4294967294,1354
4294967294,68
4294967279,292
4294967278,289
4294967279,291
4294967278,288
4,6
4,5
4,4
4,3
4,2
4,1
4294967279,290
4294967278,287
4294967294,1356
4294967294,1355
4294967294,471
4294967278,286
4294967293,131
4294967293,130
4294967293,129
4294967293,128
4294967293,127
4294967293,126
4294967293,125
4294967293,124
4294967293,123
4294967293,122
4294967293,121
4294967293,120
4294967293,119
4294967293,118
4294967293,117
4294967293,116
4294967293,115
4294967293,114
4294967293,113
4294967293,112
4294967293,111
4294967293,110
4294967293,109
4294967293,108
4294967293,107
4294967293,106
4294967293,105
4294967293,104
4294967293,103
4294967293,102
4294967293,101
4294967293,100
4294967293,99
4294967293,98
4294967293,97
4294967293,96
4294967293,95
4294967293,94
4294967293,93
4294967293,92
4294967293,91
4294967293,90
4294967293,89
4294967293,88
4294967293,87
4294967293,86
4294967293,85
4294967293,84
4294967293,83
4294967293,82
4294967293,81
4294967293,80
